a=[10 9 1321 ]
a=a*.2